x=[14530;27400;41790;59000;72920;87870;100770;110600;119360;126730;132780];

y=[750;857;981;1117;1265;1421;1582;1745;1905;2058;2200];

cftool;
